'ps_calc_05'
[[0, 1, 2, 3, 4, 5], [6]]

'ps_calc_06'
[[0, 1, 2, 3], [4], [5, 6, 7, 8, 9, 10]]

'ps_calc_07'
[[0, 1, 2, 3, 4, 5], [6, 7, 8, 9]]

'ps_calc_10'
[[0], [1, 2, 3, 4, 5, 6, 7, 8, 9, 10, 11, 12, 13],
 [14, 15], [16, 17], [18, 19, 20], [21:]]

'ps_calc_11'
[[0], [1], [2, 3, 4, 5, 6, 7], [8], [9], [10, 11, 12, 13],
 [14, 15], [16:]]

'ps_calc_12'
[[0, 1, 2, 3, 4] [5, 6], [7], [8], [9, 10]]

'ps_calc_13'
[[1:8], [9:11], [12], [13]]

'ps_calc_14'
[[0], [1:13], [14:16], [17, 18], [19], [20:]]

'ps_car11'
[[-1, 1, 2], [0], [2]]

*'ps_car12'
[[0.075], [0.15, 0.225, 0.3], [0.375], [0.45], [0.525, 0.6], 
[0.675, 0.75, 1.2, 1.5]]

*'ps_car13'
[[0.24:0.72], [0.8:1.04], [1.12:1.28], [1.36, 1.44], [1.52],
[1.6, 1.68], [1.76, 1.84], [1.92, 2.00], [2.08], [2.16:2.4],
[2.48:]

*'ps_car14'
[[0.1, 0.2, 0.3], [0.4], [0.5, 0.6], [3.0]]

*'ps_car15'
[[:3.0], [3.16:3.46], [3.6:]]

'ps_ind_01'
[[0, 1, 2], [3, 4, 5, 6, 7]]

'ps_ind_03'
[[0], [1, 2, 3, 4], [5, 6, 7, 8], [9], [10, 11]]

'ps_ind_14'
[[0], [1, 2], [3], [4]]

'ps_ind_15'
[[0, 1, 2], [3, 4, 5, 6, 7], [8:]]

'ps_reg_01'
[[0.0], [0.1, 0.2, 0.3, 0.4, 0.5, 0.6], [0.7, 0.8], [0.9]]

'ps_reg_02'
[[0.0], [0.1, 0.2, 0.3, 0.4], [0.5, 0.6, 0.7, 0.8, 0.9, 1.0, 1.1],
 [1.2, 1.3, 1.4, 1.5], [1.6, 1.7], [1.8]]

*'ps_reg_03'
[[0.0, 0.1, 0.2, 0.3, 0.4, 0.5, 0.6, 0.7], [0.8, 0.9, 1.0, 1.2, 1.3, 1.4],
 [1.5, 1.6, 1.7, 1.8], [1.9, 2.0, 2.1, 2.2, 2.3, 2.4, 2.5], [2.6:]] 

